
Loading the model ...
  input file   : /tmp/Rtmp2TPyzg/input84b17b637da.pomdp
  loading time : 4.25s 

SARSOP initializing ...
  initialization time : 750.53s

-------------------------------------------------------------------------------
 Time   |#Trial |#Backup |LBound    |UBound    |Precision  |#Alphas |#Beliefs  
-------------------------------------------------------------------------------
 750.53  0       0        0.76027    1.20416    0.443887    100      1        
 767.3   2       65       0.987969   1.19798    0.210013    69       32       
 779.67  3       100      1.00549    1.19798    0.192496    43       52       
 795.93  5       150      1.04791    1.19796    0.150052    52       77       
 812.22  7       200      1.09088    1.19796    0.107082    64       110      
 825.18  8       267      1.11636    1.19795    0.0815972   39       128      
 838.38  9       300      1.12385    1.19795    0.074097    42       144      
Writing policy file: /tmp/Rtmp2TPyzg/output84b3f52b2de_11_856.74.policy
Intermediate policy written(interval: 100)
 856.74  11      350      1.13787    1.19793    0.0600625   38       167      
 873.45  12      400      1.14329    1.19793    0.0546335   50       205      
 879.36  12      450      1.14329    1.19793    0.0546335   53       255      
 883.55  13      593      1.14728    1.19777    0.0504916   78       287      
 884.41  13      594      1.14728    1.19777    0.0504916   78       288      
 889.39  13      600      1.14728    1.19777    0.0504916   81       294      
 912.29  15      655      1.15385    1.19776    0.0439092   77       315      
 939.39  17      700      1.15786    1.19775    0.0398963   78       337      
Writing policy file: /tmp/Rtmp2TPyzg/output84b3f52b2de_19_957.71.policy
Intermediate policy written(interval: 100)
 957.71  19      773      1.16761    1.19775    0.0301327   83       371      
 984.43  20      821      1.16859    1.19775    0.0291569   90       394      
 1004.5  21      853      1.16926    1.19774    0.0284805   87       409      
 1037.77 23      901      1.17254    1.19774    0.025206    81       431      
Writing policy file: /tmp/Rtmp2TPyzg/output84b3f52b2de_25_1075.22.policy
Intermediate policy written(interval: 100)
 1075.22 25      953      1.17446    1.19774    0.0232796   81       454      
 1102.21 26      1000     1.17511    1.19774    0.0226284   71       489      
 1112.92 26      1050     1.17511    1.19774    0.0226284   77       539      
 1119.61 26      1100     1.17511    1.19774    0.0226284   74       589      
 1124.88 27      1295     1.17612    1.19772    0.0216001   91       624      
 1127.03 27      1296     1.17612    1.19772    0.0216001   92       625      
 1129.1  27      1297     1.17612    1.19772    0.0216001   92       626      
 1134.63 27      1300     1.17612    1.19772    0.0216001   94       629      
 1172.67 29      1350     1.17731    1.19771    0.0204063   89       650      
Memory limit reached, trying to write out policy

-------------------------------------------------------------------------------
 Time   |#Trial |#Backup |LBound    |UBound    |Precision  |#Alphas |#Beliefs  
-------------------------------------------------------------------------------
 1200.22 30      1382     1.17795    1.19771    0.019763    121      669      
-------------------------------------------------------------------------------

Writing out policy ...
  output file : /tmp/Rtmp2TPyzg/output84b3f52b2de.policy

